170
478
759
160
983
426
400
918
84
156
576
549
185
254
829
875
833
993
585
753
17
605
127
823
667
718
293
851
295
908
181
854
408
207
462
771
180
125
432
309
230
266
853
131
262
403
810
459
295
295
277
137
849
410
992
745
813
39
499
9
414
681
784
116
415
174
80
212
431
457
523
31
65
474
253
917
648
396
363
83
416
395
781
327
992
152
646
345
283
3
766
314
325
436
129
756
27
222
136
158
315
904
53
874
859
824
227
116
397
262
4
817
760
771
205
202
474
549
4
484
537
888
338
389
753
378
106
820
247
986
809
757
300
206
816
553
774
241
549
366
408
549
328
648
298
306
873
11
243
547
431
612
762
297
346
891
821
94
410
135
168
128
129
286
479
265
619
607
367
127
470
846
310
52
532
571
699
860
285
984
400
766
658
909
468
746
868
762
509
581
467
872
194
388
858
284
935
155
400
521
842
144
962
681
2
952
683
888
239
517
541
21
844
444
505
21
617
911
507
822
205
291
321
157
745
248
282
316
128
280
411
60
706
390
325
778
152
517
906
473
49
522
142
109
515
463
450
807
94
436
371
18
138
956
649
504
560
609
220
969
22
453
985
66
316
823
114
950
596
918
388
540
399
613
10
468
273
131
455
103
950
294
872
922
199
491
903
606
245
644
532
720
190
574
942
944
988
134
495
528
635
96
766
555
899
924
6
247
907
749
356
976
23
55
918
819
576
453
350
595
114
900
670
796
995
495
237
658
294
919
855
444
343
15
683
651
450
330
902
593
372
977
398
752
883
477
281
96
498
797
891
355
876
477
253
737
49
875
67
132
518
735
790
327
671
390
912
656
760
83
199
686
329
531
728
993
735
643
597
877
247
248
473
18
614
915
863
180
172
167
43
153
463
16
984
652
716
218
873
446
952
179
643
203
92
142
47
624
703
253
62
423
237
634
876
340
606
210
983
928
609
367
473
511
199
776
65
800
628
183
489
328
695
302
816
868
995
495
102
289
487
343
240
841
816
519
506
541
494
263
273
81
875
62
291
281
616
218
877
38
386
104
964
748
529
985
896
251
106
314
210
88
282
94
327
440
610
986
788
97
243
140
993
916
215
953
210
810
686
74
192
538
610
674
839
429
306
159
144
366
59
482
807
793
365
660
823
39
665
663
49
107
449
551
107
637
151
555
781
392
311
156
855
545
145
176
446
670
774
275
381
41
492
428
24
904
588
151
364
163
689
12
874
321
835
483
131
358
777
785
293
685
325
204
996
702
130
440
628
197
736
115
418
199
696
835
706
777
483
682
962
599
940
795
310
621
646
516
661
853
712
23
417
534
862
207
164
942
89
644
693
860
598
50
842
868
875
692
40
0
685
113
53
431
328
168
655
580
982
374
165
806
225
409
875
719
587
55
931
532
210
488
518
432
538
869
403
93
106
651
334
376
912
920
546
960
32
545
217
883
87
893
175
420
839
970
535
676
579
210
173
92
882
865
811
365
312
942
391
221
528
428
113
271
366
859
491
517
816
888
489
644
413
134
207
19
102
167
562
281
313
235
903
659
292
875
7
639
446
251
740
209
665
770
301
207
236
303
701
226
149
322
626
660
747
75
250
816
786
251
791
954
880
214
291
68
412
954
679
762
102
510
949
836
89
210
77
829
973
311
228
884
490
578
945
15
119
682
290
782
895
763
467
347
85
631
710
500
455
161
686
82
477
749
245
290
805
623
118
766
423
190
901
503
739
997
666
800
763
510
636
762
514
139
850
72
708
427
277
766
471
693
969
435
983
987
762
72
88
54
211
740
972
498
18
733
316
830
544
549
459
795
740
503
814
143
647
588
352
812
394
95
850
441
955
105
768
477
887
209
342
867
17
220
553
951
809
13
178
691
528
129
989
14
479
337
680
18
447
21
111
80
634
378
292
722
257
879
803
581
968
146
892
809
332
386
778
943
284
880
336
598
357
407
715
937
455
909
179
984
85
725
515
58
618
971
695
868
55
11
309
569
153
238
829
701
255
634
458
687
561
668
610
227
763
325
418
218
521
718
75
159
661
305
545
206
100
478
401
578
511
271
266
155
342
977
405
331
30
271
263
548
986
364
421
112
871
85
422
283
746
9
836
705
549
326
980
120
726
161
934
26
600
561
206
89
498
472
760
678
510
231
275
345
381
957
924
391
421
348
563
298
524
65
498
115
694
246
570
972
563
141
40
645
252
427
221
358
387
654
435
52
402
733
115
801
268
26
835
348
360
358
452
842
621
18
970
776
399
38
